4939196060 2076
2963763003 2292588367
2051581265 1949422434
3938650198 2720127232
3951217845 2192072600
2928762926 2437414934
3391374775 2107677571
2589977547 2744486900
3434574326 2076491979
2409152525 2642600099
1924996105 2027911391
1863170385 2389182954
2397565121 2347160482
1971102503 2376737559
3829983338 2605677601
1960546162 2325838103
2366955997 2433544587
1922437475 2464684850
2240782375 1966619078
2369589936 2175809748
4135455808 2250099169
2174291870 1990474131
2643480967 2371224275
3227020560 2388012931
2189261362 2202662311
2507940168 2188152130
3684014129 2582446128
3381227915 2690399116
3763187723 2649435470
2016859419 2784347969
1981565194 2125391080
2523757953 2564000676
3577359171 2519404653
2454174460 2692637706
1804761682 2760399082
3394598657 2620105302
2157397408 2720950795
2902782819 2784695607
3031814122 2411019818
2330479186 2172550732
2148603753 2000276985
3456372944 2466332026
3745943781 2260676105
2122840015 2549213005
2773586484 2010186931
3092532292 2208752851
4180695205 2384441643
3029140908 2006337083
2746604235 2721718587
2061603510 2311849166
3856270062 1944628904
3583503498 2418130434
3769972793 2042784079
2242560726 2112143697
2161937463 2268703474
2734948485 2196798829
2261279127 2251591179
4066299614 2165211514
4001401706 2043167777
4048281200 2234971961
1975667534 2689552980
1844298418 2054929431
3202713182 2010355157
3637017694 2434521996
3789659457 2237251828
2416536210 2481145178
3816135255 2450619266
3999417145 2169121862
2705174045 1956890462
1831080443 1979866523
2121712044 2495217230
3228620114 2290342382
2877818858 2514110189
2398024456 2734213501
3751281342 2584526795
4125266877 2196112428
4232034211 2533290029
2453598044 1999030470
3139606740 2110051904
3078642401 2658878393
2241716689 2266974183
3575154412 2055685145
3579200258 2552948219
1963304260 2606093497
2252758547 2532340262
2242325927 2416681470
3875932119 2037486265
2170066283 2741428547
2104763732 2388259250
1783652493 2282039034
2722165619 2281129165
2308837209 2664065269
2286740048 2630368624
4223939593 2195877698
3067639055 2030244192
2980298626 2234538326
2596167606 2254167310
3805535513 2269208000
2807942501 1960958312
3220660393 1940817838
1868449701 2465538866
4224439120 2086832775
3378887393 2781398173
2956294105 1940381571
2119586147 2180420497
2299168410 2652763157
1842487941 2547344799
3612712209 2170988813
3053613369 2762604848
3802870478 2492196946
2159294707 2697278345
2729065937 2638316409
3453283942 2247796702
2846516824 2238618890
2778711749 2766184875
3432192600 2151827917
2092611128 2200756234
3442640954 2604014057
1837532839 2417772948
1847140712 2386922977
4000949540 2502822610
2921626094 2127231325
3189600714 2397960524
4096604538 2597550871
4063269931 2001030000
4128734541 2599888083
3059578963 2208402140
3918439575 2743806312
3028701228 2674905621
2874262526 1988954834
2418433969 2714088970
2467684159 2185770412
2369771362 2717287081
2796868163 2234515351
2101936198 2757857647
2201468065 2663926795
3070129855 1975036557
2824277553 2153914853
2173047049 2507960518
3552981690 2658465515
3092997477 2561018215
3661863296 1974140393
3111127427 2223694550
3186522954 2143250022
4042384998 2341110594
2649203898 2597917196
2264413352 1981824608
2063115236 2002375886
2152769978 2572090643
3330660010 2032528440
3661081033 2156309848
3983358318 1976115786
3175234086 2078368817
2577191651 2300050008
3763532998 2595919830
2265652524 2494205296
3898391821 2712788074
3346222594 2284557045
2351142804 2198563846
2659556489 2222411883
3491227608 2720083755
4067197319 2770150162
2173182197 2013308344
2999751231 2543108601
2993641998 2202075313
2450482345 2340008213
4047279841 2678743767
1963713274 2078607241
3650422265 2686198168
2224638762 2671555394
3874839731 2347037506
2372352983 2596119619
3118928259 2415546546
2866780843 2597993268
2311241291 2277670972
4192358936 2757504774
2725569183 2773651866
2307318491 2606165956
4161403466 2473205618
3664761033 2321840845
3628466542 2018624337
1848942318 2221703647
2133416336 2554022960
2367697269 2107870208
1974267178 2156618585
3722005100 2657264408
2083610319 2370745889
1828998478 2743243862
2168921113 2445646153
2514801358 2567686173
2308782728 2045508665
3844293267 2315433689
3180452464 2697382733
2118692696 2384680772
3145866086 2519960664
3268502890 2132352760
2721641635 2354230252
2963746084 2207967183
2950241368 2406168340
3379216939 2586057545
3209308106 2125479638
3065609666 2434430918
2241168441 1987413859
2022753408 2119052552
4016187818 2154911839
2111137569 1991954892
3008912189 2685436489
3572952500 2657198973
2753688690 2432878784
2364945047 2390662523
3661136862 2129351689
2617253391 2612772025
3662061659 2305976972
3214050508 1984672983
3848535937 2198716365
3383595829 2439421569
4207363264 2147038477
1844228822 2048901767
3172805350 2456609732
2801050587 1943288641
2651635629 2028788715
2555197329 2122884889
2900693269 2551272580
2852709565 2542787432
2738801046 2032292519
3226455862 2601499759
2416628698 2555047262
3869577396 2691562528
2928306856 2411275604
3336674231 2035866764
1929194737 2334694722
3658208566 2549294372
3696111900 2379653625
2037670276 2606598406
4060799434 2232156216
3782473773 2594527832
2879630450 2276476711
3856124715 2622503895
3485973476 2678030175
2713709037 2558833512
1976925758 2075449266
1859967798 2235165766
3815841347 2612346347
3661701919 2499785482
2631175205 1963967237
1989267204 2472749280
3616878969 1964976879
2770288424 2766030165
2805269155 2251469682
3534179049 2631841088
3408128041 1985205702
1932775913 2655345145
2880609168 2052565284
2676762220 2159545046
3489848338 2082657122
2685521777 2491205577
2785130149 2174010222
3022594308 1946849999
3890161658 2136189946
1865941713 2289400906
2084063421 2499165352
2616394169 2119374245
4105837836 2321931166
1879493424 2403654240
3710587571 2529806444
3580132764 2176290696
3410595912 2697394432
3068725695 2363962638
2535732379 1999612060
2977913908 1979953630
3180763844 2754708550
3140492815 2193253163
2993034736 2307578549
2243713481 2196470548
3459127021 2779064520
2606303151 2447928649
2608950594 2232332237
2425021443 2733021594
3533268127 2236029498
1965977823 2661299096
2113551572 1966773697
2358206732 2113470083
3021701114 2406594869
2788972577 2231840002
2078405810 2148118112
4153418895 2309073679
2144037236 2208788334
3548154112 2639607998
2880733559 2757748621
3125445539 2658058198
1903305385 2611357243
2981901186 2755007945
3173303631 2349752463
3260068766 2179928303
2241838017 2316476017
1991144329 2769739700
2899197412 2126867934
2264072731 2359957888
2320464531 2030150401
1801602798 2100914104
1986626792 2586286848
2096062925 2470967590
3867709644 2030106431
2349420906 2302461291
3266542384 1984706470
3254820098 2590584925
2682649905 1941628159
4135105513 2454340519
1875029152 2281943606
2098196979 2184744130
2444790187 2200872756
3316835747 2482410510
2546103319 2399747057
3748637680 2653722620
2218553811 2457837862
3887139172 1952356705
2044222883 2059663426
2243000830 2337998078
3695699711 2026022652
3745653037 2722221216
3238984493 2131523937
3760321878 1981866266
1775783556 2124556822
4131556953 2019755657
3938417097 2776405754
2800193530 2472492154
2257725832 1992749969
3773385768 2316294723
2912329197 2122775217
3114771877 2313142943
1960127328 2225379166
3495964310 2510808129
2861582191 2500383259
3420851002 2180286956
4218724563 2108859344
3878480993 1979548919
2189805830 2101564977
3552340799 2228897139
3315599620 2539979743
2573273761 2539566822
2714553592 2690091230
4137568609 2236414016
1788288068 1947407300
2840681006 2734266072
2685566002 2365088154
4055346656 2766982031
1786129641 2196569605
3918010051 2562336749
3879237218 2068320948
3143031326 2436122575
2888411853 2417588683
3527812900 2168552423
2022691133 2371689440
2455905588 2287859970
2645970883 2688908446
4018754092 2523185008
2371065521 2776609562
3151275703 2002676000
2984910724 2750325512
2124553232 2511333998
3455312182 2376502020
2838299652 2084843341
3149941040 2759379358
3336266154 2193125464
3928746237 2474621509
2996529700 2439070229
3312393830 2642574924
3061169003 2435206359
3080484283 2305765646
2603180029 2504175360
2958096586 2284777939
2514709118 2349124642
3065132840 2245175030
2009758718 2647650837
3535335165 2147886355
4215824297 2129929219
3167878394 2519048362
2112899687 2063281769
1857679151 2071425472
3002747091 2373504034
2224859586 2720643103
3260757669 1965642150
4102051664 2619706593
1983337068 1958967247
3879091113 2705442318
3989880265 2237732730
3820865310 2001139941
3971495193 2028695324
3502000175 1965355021
2055014868 2414287497
4050908420 2436181378
3462484262 1951761843
2905388485 2769133398
2314094982 2659182393
2086221720 2217353426
1837698378 2220224204
2774429404 2170148018
3856928999 2769040718
1807273667 2411649930
2550462507 1951901413
3997708385 2328128224
2844053495 2515651087
3502463682 2640834032
2980567243 2777874731
3721397418 2652544582
3382143670 2194921071
3340369913 2426361581
2013348491 2051268153
3290587516 2649919424
2891133535 2252963295
3568172854 2499826823
3553077392 2694684670
2625954465 2243951743
2853589342 2241623469
3926012646 2594837949
2384512108 2642251666
1990320978 1957365183
2219006256 2654904541
3246263956 2255746988
4181158008 2714696929
1896873695 2442146069
1896410728 2210099504
2056140056 2242986031
2456421249 1946857232
4016020729 2453666998
2139467112 2533803212
2453569069 2087565381
3969543411 2522491299
3149746407 2316917709
3735766203 2111544652
3453428132 2486756267
3153326250 2404003705
2017815594 2498260267
2893472520 2476692512
2932778663 2392903866
2066536563 2156997374
4149288810 2684777627
1797990777 2135482722
1865186254 2416589773
4009315331 2011571000
3156639308 2097425735
2646639565 2476425146
2611245261 2477988989
2473956617 2415326267
3616143656 2634213999
2851384564 2662440470
1946606590 2745670971
3078519673 2770602446
3315758651 2065881806
2878885483 2493246534
3606626334 2779662992
2555855037 2112388579
2419110035 2778143265
2420653828 2704054867
4123742154 2675122708
2584653149 2157171673
2021834103 2352581534
3265480116 2421831960
2405535304 2488056049
3090152467 2662263466
1795928964 2264283002
3139908144 2664243506
3390702863 2488400306
2546164640 2056572200
3374954118 2482805531
3270136862 2433596341
2744892744 2416289266
4158049804 1982733887
3162614978 2249367305
3630705910 1967806874
3299006584 1984325091
3608879039 2525303149
1952655506 2503708115
1947051180 2544068713
3092545475 2739370401
3353948714 2243196602
3611112619 2459987410
3286176322 2014621060
3646985431 2389445047
4112797895 2675647315
2344714792 2575621086
2375574607 2455084841
3370824262 2616675696
3566523817 2707697687
1884925548 1952814614
2156032680 2582210479
3008789970 2067024834
3373135856 2553066108
2749097689 2513744762
3910146628 2417153744
3279381809 2084175688
1848708314 2146311869
3233393115 1970437014
3487940113 2523737982
3014006973 2538274345
2170854774 2481800653
3172501623 2389863202
2663889506 2246812195
3354811584 2124195682
1801903146 2207222718
2325049980 2514684232
2625564056 2558550012
3084055691 2544017870
3325967959 2290372729
4205054562 2506287751
3522533485 2422789472
3414791957 2407684605
2848024041 2639991136
3964862573 2535569348
2543893764 2380365658
4185678001 2342995251
3655888334 2691852156
3054362732 2069295475
2137531126 2130985106
1862649027 2197983509
3915559590 2452882255
3043846710 2242937633
3865019850 2010453389
2942932401 2401170113
3565632658 2306896069
1897212119 2062872966
2272395767 1972126544
2982873798 2666198268
2682605619 2737781376
2949561683 2390571305
3800632367 2386719124
2015562209 2419354673
3791730439 2630905562
2352150991 2379980774
3976171607 2215689124
3833205782 2614422725
3797536900 2207554529
3211095991 2303134365
3772716804 2237799604
2578616845 2460659631
2582898904 2212215120
3685217047 2592962186
2261493774 2721461245
4011527076 2021815882
4023923930 2395825422
1910911677 2389073450
2429451470 2209266534
3960574368 2735454179
2204663594 2257544969
1844772387 2198367356
2584158164 2597302478
3585447703 2725562306
3177112606 2610050819
3605496762 2511572677
2304943409 2346247195
3264213034 2171429535
4164405393 2036316259
2895272989 2347117285
3258230431 2492691500
2933904808 2671833533
2297565427 2376377603
2688697486 2192656259
3632256933 2754412718
2113945870 2602889779
3742050235 2568915063
2088582889 2009366123
3746386885 2717445776
3287522130 2266549537
4106784956 2768090553
2046833519 2186744529
4034644463 2137507689
3290173885 2200990126
2843607169 1990756960
3880030131 2232436186
2082960046 2219440950
2679484341 2134388153
3355470378 2702684422
2424470276 2474505536
2093194275 2674913253
2544740526 2378336700
1806193729 2714964480
1995704976 2344508505
4073516464 2593983595
4215651312 2212218666
2273582811 2286831719
2870210335 2746293237
2533008843 2379225191
2868118288 1979747343
3575964958 2210833464
3470490641 2062171840
2588858240 2682740876
3315673382 2057137547
3586282435 2637858239
4236217513 2640214959
2016719090 2245804034
2496280468 2580585401
3985741833 2638431684
4153445545 2658511899
3263522812 2533186510
4134723990 2718693917
3116862255 2780946808
3875407418 2401862141
2527589840 2747972337
2945377563 2220468860
2177082275 2314316146
3075545698 2041360930
4066158813 2784947589
3705412711 2603403954
3623033412 2785013811
2515165116 2119955358
2222359096 1998273048
2925678240 2172423275
2172036508 2629800336
2057940632 2119637990
2611733133 2474718701
3530056368 2220443173
3852207265 2180054849
4175113606 2575330775
3547269880 2059563362
4153202865 1955349031
1953364903 1941286577
3809706669 1967351135
2711831603 2345246615
2145115858 2041954354
3340993422 2625170919
3059962813 2330384870
2103097552 2132223772
2271825217 2069956879
1854726180 2606079118
3637081022 2381470690
2566768253 2734904196
2125754540 2404737761
3803678778 2291993215
2107571543 2149499554
3371183906 2090848672
3079704601 2453932910
2858849191 2005504055
2354387137 2427067761
3311537678 2304970408
2208674501 2062229138
4015513777 2552779209
2013810142 2683772412
2210135874 2285811243
3371828710 1981741244
2465292302 2545996536
3464749596 2678744967
2539068127 2365773364
2349767420 2342613340
2421245058 2449965631
1913546080 2672960323
2254396545 2154902694
2366334691 2371494678
3267171962 2567913569
2893339434 2588247406
3112589335 2531026109
2650408472 2041092306
3435074330 2068263855
2739246466 2559639930
2891614413 2021011543
3357477268 2344576054
4161188498 2666103170
3241601982 2543845986
4017722676 2265722133
3143450739 2448077401
2016644112 2462470488
4065775567 2605374266
3413434128 2000748552
2899290548 2624301470
3028490914 2629485283
4134413716 2628828230
2589725861 2284112246
3145305221 2364412679
2458173411 2421960568
2873803149 2365959693
3479741517 2284789951
2483681401 2110388286
2355478381 2434237443
3547506071 2425863045
4038317822 2176039401
2750062116 1998885479
2470029640 2680217596
1922072731 1976879180
2807886040 2356810722
2611616371 2240146128
4208732030 2358309023
1792856777 2218818551
2168330042 2688196134
1943567377 1986167757
2437965859 2661904308
4084643951 2319087930
2381600860 2469883069
2144209099 1964895507
3282811544 1968397717
2392325264 1996664050
3966335733 2013812515
2827496854 2147669771
2418251025 2101731808
3707224099 2610554795
3079138973 1993994355
3966290254 1972026922
2278968496 2399674843
3406119132 1964973128
2925293140 2542952589
3612269652 1949524551
2384046428 2297703521
3011862547 2034290438
3077233359 2205500760
3914914769 2262564252
1894249030 2718233638
2357814328 2494015119
2118059188 2200735626
2292876935 2460912606
2457115214 2073101848
2879582809 2257424102
2243101240 2330955903
3692897026 2458826040
2970253777 2458477926
2991957241 1987347365
3581626423 2278876063
2506354195 2714182948
3512627474 2556112273
2820411026 2639005626
3752689861 2133708462
3781343006 2621660595
2916236711 2780555455
2246486953 1957132327
2029778346 2461714644
2759367732 2773387611
2875813479 2690922361
3457210747 2565125795
2769416247 2297500703
2320586860 1986215109
3019231758 2278950057
3288234261 2675715048
2751947340 2172563320
3186411892 2212382874
4010224467 2068707937
3675172702 2100868109
2696754583 2015344415
1924483627 2311760283
3146915577 2197227946
2242607914 2419831363
2071826707 2762831687
2128791372 2136708687
2631790625 2570833060
4230522065 2313786990
2037520558 2331461866
2112373553 1996458044
3236987908 2757605519
2046724965 2503085109
3126706211 2097084365
1956366385 2265202791
2525644064 2031754592
2816859798 2784977334
3705400709 2560081328
2439655900 2116787098
2937606971 2217326058
1854395945 2337225673
2028297944 1992511454
1989822881 2151925130
1876928033 2638645195
3190279466 2595495445
4168786769 1965712471
3038144479 1977209792
3367817207 2250893486
3281955481 2337414741
4172199851 2509594658
3153284707 2268073157
3616165073 2144323851
2716863412 2047210133
2721718325 2582322146
2683617327 2661416216
3789589793 2221959187
2394113913 2568748075
3848368554 2675648896
3463033664 2577123388
2209331752 2509712448
2864388798 2635649343
3204724250 2596786174
2197638673 2449161966
1804354760 2430142398
3616041001 2041594818
2932830596 2614523681
3332157615 2388341858
2336315913 2781018383
3996621478 1950015140
2073952505 2620540221
3260622375 2029024840
3406128641 2757579463
2153348512 2171773918
2035151389 2079547592
3953032139 2003490643
2897868329 1954514624
3188013562 1967332435
2028151613 2249095928
3197012537 2527437392
3823148699 2039264420
4131797829 2741654431
2469780004 2385836301
3516037573 2532425841
3794907966 2608653629
2127252239 2752238718
2095244156 2767051536
2114309058 2149008095
4096608770 2252182496
2232673345 2034947052
2416673067 1956660843
2975092796 2599566885
4043082159 2295492293
2895576711 2432378849
2537443890 2766604778
3070780689 2480376123
2419549970 2326704455
2599298137 2102015017
3799674873 2504990079
2795042520 2412036307
3580828211 2596940254
2444447614 2620937129
2339175575 2367329079
3644042464 2590493254
3057378087 2735928709
2799445650 2178566731
3868337607 1985418497
3489230010 2018360483
3809132363 2318854304
3796158608 2560272666
2410658116 2512520439
2947938463 2340313141
2141064592 2074734800
3545414644 2686233349
2026436065 1980056663
2715174039 2031610101
2295462498 2415756438
3783528871 1985230572
2729811716 2325949727
2458326233 2635766323
1812469848 2222635161
2024740324 2037759760
4075753019 2520875654
3759560497 2450835369
4047528256 2115769665
3633513553 2503768730
3217663701 2612098560
2576389282 2723329877
3942827150 2519666240
3673702798 2214939632
2870486997 2641422134
3720678569 2681407697
3804117087 2192145129
3186815092 2064966944
1781866716 2509634528
4196100245 2593933592
2167802823 2512403655
3302286528 2598364185
2573014315 2383477523
2957365760 2256545601
2220427061 2056074593
3442354336 2511620356
2902877687 2710417166
3964206122 2065727966
3040356610 2781623397
2911271167 2689348264
4045667926 2174389275
3835517351 2068435735
1841168895 2455670453
3812087937 2644626482
3483437149 2627946701
2295124988 2031297943
2666280255 2377074670
2995424025 2780024701
2246507218 2721554825
2119587595 1948320345
2134563075 2492095330
4034631481 2082602448
2579753553 2421200297
3552776375 2503936350
2523155438 2128398010
1985713255 2616555212
3435063603 2191606532
2928729221 2228329109
2460415828 2089936732
3548880380 2164094785
3567683985 2072988151
3869503216 2351970039
3415508954 2004938855
4102600577 2717215689
2954666794 2221641257
2339915484 2205714733
2024600097 2602846872
2742621916 2587055262
2709611059 2722243408
3976945307 2644224105
3401969935 2214355026
2252252755 2259389117
2516455762 2219668048
3619368851 2374150871
3627201210 2435514765
4180666306 2076432877
3009528932 1948154552
3802289373 2494112356
2304248354 2335886694
3746328017 2755068064
4031988848 2712043849
2653317531 1998560025
4233733288 2398378379
3388473035 2337685081
2878449670 2052115204
2416314476 2098316191
2186675617 1960278022
2509079303 2549468484
3330512617 1968876624
3857111834 2580555751
3137448481 2359402875
2258676177 2291649974
2392488012 2763070949
3149033030 2527633538
2035310912 2203004162
2995113570 2486612001
4039818078 2257033534
2830039484 2237863671
2364660618 2201015348
2035688610 2257279373
3371492667 2768669081
3546422117 2376010897
3096848655 2440773412
2069252367 2494075027
3168361912 1960898321
2042396308 2522469910
2633323218 2297257449
3723518484 2324823232
2052027854 2435024051
1934462708 2228530989
3079818421 2739666289
3002746697 2277341523
3691647880 2508715776
3294503908 2755881719
4097407607 2772005849
3560832671 2006227141
3094364385 2131652982
2766715945 2543101047
2943466970 2221127153
2654670360 2280066639
1928553426 2033430628
2903555291 2588463646
3446230696 2508879332
3024206668 2589119473
4237365613 2752767653
3400776850 1973328259
2428545823 2125940047
3510626291 2389728233
3528458376 2442485678
2148242599 2153613748
1789126575 2657568933
2493496739 1966134561
2673881458 2581101618
3867292702 2434792874
2632508021 2621071158
2322726411 2299240255
2035088584 2301813507
3345695555 2163666332
3122375796 2663766088
2145205797 2066722752
1890171015 2621684498
1973627333 2732610369
2374807046 2059764552
3727232203 2520580564
4097502443 2397848760
2768191867 1963045040
2739259888 2315962035
1948502378 2180958008
1912112594 2651981413
2278149155 2520179730
2966645020 2494382007
3135803312 2447426115
3846608147 2672747098
3161593219 2288474879
1847716020 2390114361
2900223495 2519485456
2089899552 1994655153
3713482856 2075210185
3272610077 2735967097
2360732292 2486582949
1999062043 2416813340
4119739216 2344642586
3132281223 1987454955
4233846588 2778907859
3400450071 2013381596
3841933027 2136151551
3111005287 2437409579
2706843461 2426921588
1882611751 2617636371
2342369334 2056860999
1890039802 2039359881
1805553537 2665345262
3186412623 2161063039
3358357856 2237207424
2473186007 2185830272
3326092499 2314706647
2580888060 2764537206
2526269561 2180907072
3480512433 2516898649
3991299712 2302042638
3401342927 2117001582
3339789592 2453056631
3267105823 2286074356
3609357328 2599087346
3023155089 2115692867
3014027063 2732163976
2913245981 2751926045
2376886910 2183003803
3628374008 2227418187
3255138022 2565179169
2260922785 2225878044
1902068074 2657169126
1858592575 2111349561
3625766772 2314175579
3404347610 2112739936
3159615596 2189465558
2406615381 2327369531
3423355367 2584500422
2154074901 2443219432
3639975462 2571915238
3618762430 2455975767
2351820824 2694604770
2713290763 2098340946
3188162144 2111951795
3884380837 2052337699
2248902319 2251787365
4187029072 2518224465
2573054190 2199701488
2029704227 2322494347
3498415226 2379087751
2434114745 2599721651
3283460422 2189518091
2426900895 2334830279
3743817742 2187797624
3980411360 2099608310
2761826590 2217745197
3887924994 2720254214
2588105283 1975401458
2620688484 1980101717
4229367877 2588388354
1836559927 2106813698
3133806719 2780347410
1887505671 2482295155
3900132608 2107723670
3793660978 2691407922
3709909512 2347317609
3148612933 2572894618
3109372878 2566335639
2411764625 2332155421
2349687962 2607124982
3711325012 2588135632
1794949351 2698312670
4185449798 1983283457
2406069145 2366593703
3816362478 2245659298
4185443064 2431240679
2332424720 2350387485
2353604634 2682448454
3076270709 2745484794
2798717088 2242236640
1987851927 2260745693
4054065860 2158192850
2810492950 2094585217
3610562422 2635853370
3269049896 2583239037
4237361789 2347647037
1952635123 2112687982
2399647680 1989672151
2766052772 2254914771
2901550226 2562504530
2894450224 1985128023
2466385818 2646788040
1941001440 2715365816
3679811525 2434801116
3759852792 2531181669
2160082162 2352130192
2820355786 2064375919
4207251996 2554652417
2994625909 2201834350
2433040839 2517681858
2528157702 2404004465
4013512633 2730882217
3824120911 2518233338
3435569130 2272695495
2234484862 2349848207
2253403739 2144141945
2290224936 2307511355
3134209327 2711334631
2246713369 2339863486
2807366251 2503579324
3094197498 2037877286
3854083129 1961840459
3075343933 2239756357
2171194949 2754175671
4051203705 2448227399
1961120421 2716860862
3209373652 2730877128
3837543914 1960975526
2138452685 2371580464
2734724474 2124932971
2020725500 2374091729
3771788954 2404589381
3963972778 2576071018
3322661402 2747739234
1847404483 2742003507
3895909181 2413525375
2882141410 1946916608
3618484600 2775020416
2307421378 2733734991
2664880468 1947864145
4156250927 2013139695
3287596905 2042938868
4021247183 2744833262
4233704972 2728188406
1885243414 2402016737
2405892925 2172429614
2849529384 2186131154
3555944683 2658675832
3847042541 2161825557
2554361055 2352054104
3436835085 2426718933
3413546490 2379175274
2203989133 2275746733
3574865972 2730282735
2430600287 2222636669
2590692357 2716785506
2346756084 2210806421
1922018789 2774304733
2508765095 2758350861
2841416261 1959932104
3608736224 2205243069
1869163306 1977618479
3268750341 2127289547
3923846698 2376144780
1839215382 2114652434
3409201355 2327256854
2351983958 2211011382
2652683516 1951859774
2604254166 2531968317
2142303881 2252078026
1820837181 2492251407
2177543641 2703738601
3098950194 2742704245
2919181320 2282190976
3169653932 2661523921
2106082593 2665335967
2604085165 2216599680
3921236102 2594669087
3020938922 2770894018
4083391835 1970596252
2471555525 2720887776
3358628393 2302489293
3578578799 2110747077
3310948867 2599899459
2051755076 2498952577
3082572490 2419553900
2432793085 2377483348
1989582299 2301355738
3287505875 2484075689
3697476095 2771990444
2901858966 2009389737
2362819729 2272861374
4031557556 2404396258
4162693678 2759460302
2061048587 2738083545
2008997491 2393326944
1811317520 2740717247
2981544823 2064851767
2855908851 2653127867
2930366238 2209070494
3339559275 2689427786
4009006525 1965369045
3422374925 2396696406
3967684172 2688243809
2895247867 2385158175
2569968958 1966524130
3454881142 2315713568
2156458778 2611658662
3819929370 2608611944
1802718779 2345551882
3752964424 2055859376
3199807131 2410044434
3593826610 2457777358
3700287916 2133681203
1909543713 2295576085
2845384384 2416670814
3925011121 2693511868
2705689959 2252771728
4233249741 2625231730
3464519840 2037693398
1893543578 2632792445
2065994679 2131096927
2441615135 2193674146
3783704442 2630109715
2680611497 2648306488
2377562394 1988046867
2277208657 2391946425
3208236498 2290048554
1966460778 1987683255
2154993590 2585062067
2604001438 2028186813
2841375754 2143592810
2520712745 2765208922
2163155109 2753319710
2635854299 2568251836
2563901111 2424591315
2006538339 2167222494
3238775087 2563072344
2264350209 2753136438
2415245746 2024158562
2514080311 2581104757
3609005844 2265921883
3764446359 2332418900
3575347779 2136878636
3564764262 2727432252
3099089675 2388911195
3576781834 2781218883
2139377777 2663511334
2597068381 2426163544
3069573086 2205668536
2961580490 2397257926
2738842493 2492871093
3971449135 2630713778
3523461066 2143755940
1900318496 2299805557
3736070344 2732911112
3688706963 2059124704
3641990325 2661728085
4061714366 2413622078
4137950287 2324683440
2460274454 2432472732
2949746591 2403495777
3232929167 2229834924
3117455932 2778606428
2782110449 2104295966
3268725728 2436670157
2087855598 2363844576
2659609433 1994464291
2290799345 2275257362
3149545099 2226740587
2751099872 2268296077
2821906623 2362907526
3594085324 2265636110
2798188763 2141614089
1812298982 2280174954
1948342996 2765716393
3757502776 2415558135
3110893810 2155880675
3884878023 2693422253
2439680375 2127554138
1977406866 2390560431
2703263425 2645859027
3175475857 2396820548
3991773856 2472406074
2795594542 2243115728
3552466527 2685210392
2797977130 2634853838
1944271748 2281140110
3247590034 2026522044
2732972287 2655445391
3964840501 2586867453
2500938508 2551375851
4025285823 2255065607
2251198149 2582920752
1813720161 2761005175
3278693724 1974631735
2858348218 2758449238
4073129108 2135211256
2929847390 2014365314
2551826455 2523944836
2159600671 2419170743
3779378512 2589766023
2957349569 2252577668
3776771204 2041451075
3614838476 2557764671
3235608048 1988274852
1885758865 2451697823
4048915285 2473294372
2485362880 2534409116
3402649645 2181100944
2755318840 2015049459
4010301543 2591235128
2869007988 2739792912
2567983383 2719500525
3732296947 2232294663
3018301112 2111438222
1779165888 2439566856
1892560285 2440085628
1803695274 2001930267
4161656503 2026178724
1872055110 2221349422
2099533588 2543714212
2339025872 2438302450
1924491789 2104458666
3073141977 2418419069
2107891270 2725821910
1796107946 1989634230
2586162448 2547026647
1859545812 2631683030
3714260175 2432382937
2597919906 2441425417
2841074469 2488683873
2479884944 2449949355
2488293276 2778964865
3761489006 2123507095
3261817834 2573780689
1881384399 2671868043
2462587554 2267957479
2304722493 2062825044
2448152412 2466904976
4085979607 2597922302
1881184571 1944491417
3321786748 2455766665
4005960554 2296464162
4221223455 2566887063
1892032487 2566384223
1876708062 1963956337
2985415411 2351495856
3866663117 2577936976
2559910495 2056129373
3928102685 2290961797
3620742355 2519109401
3785528819 2093225760
3492928826 2585977754
3832151460 2508587393
3764754251 2585103391
1830569024 2083337791
3052065508 2405252780
4026517190 2603643002
2687804669 2546933395
3228589445 2357030175
4002895044 2193684254
3452938412 2003877063
3982695654 2345435396
1876810573 2355604801
2907071124 2627180240
2976648557 2019140581
2261514504 2162671480
2488341262 1960510339
2844695865 2407215917
2156170578 2058967751
2944363845 2559494563
4017802719 2578470111
3097856765 2208512159
3051853100 2574026687
2305212334 2210507280
2294210536 2449148911
2042894859 2382111992
3839534905 2164699914
3823611327 2516616746
2132548061 2559930457
4100602736 2057435717
3637569663 2090282534
3542763245 2374857790
2903218694 2288591237
3419804947 2402033708
3983855510 2164115338
2486272362 2338399395
1847230433 2125096081
2774525341 2755706911
2104911344 2454672966
2570780960 1984681582
3046187441 2615114402
3122309198 2108022282
3151257741 2237117786
3960877044 2110052670
2772959491 2377659923
3017062500 1969488715
2680286016 2504182336
2264081488 2206053871
2976236627 1989669896
3554690311 2674932882
2438055217 2480650195
2089466552 2498998019
4039843465 2279454517
2587753289 2395167816
2599110167 2037451143
2061269622 2186573620
3531348105 2185708578
4061659683 1968641932
2657769867 2091914206
3789737409 2167943413
3838793855 2760655378
1805118070 2513701226
2867967180 2217406323
3014011294 1991972166
1859816755 2574001979
3597192326 2410908833
3242316705 2231851602
2184926685 2780891078
2447831871 2429793087
2955214614 2711853250
2887592770 2454210424
2195771940 2356271880
3345065133 1955264390
2635334342 2194292045
3641450988 2463844029
3822370113 2025475911
3490909206 1948793336
4003457885 2524557756
2900255162 2585243783
2747533736 2190406311
3820198736 2383540296
3592828438 2729407329
3901474526 2133417103
4007683538 2042830082
2490407527 2431861672
2610195404 2376225541
3476816143 2060316409
1995060622 2095458204
4089298958 2033551213
1839982273 2381244421
3823058889 2130796778
3280618195 2311522898
1911466827 2654221465
4061298497 2345667174
3208351389 2385070018
3926766226 2783957941
1873934707 2408079510
4124982987 2518055626
4071888545 2037869816
4051542269 2196592086
2698220075 2526830675
3510376455 1964429552
2988745847 2431726254
3710348303 2230512110
2426873521 2429496675
3222592877 2004474265
3014081230 2213501721
1941236565 2269440737
3510304415 2130926627
2094682086 2757683033
3686914068 2698473605
4144277227 2536868079
2403776544 2022578061
3999367182 2767756454
3880868300 2516495196
4108419451 2281689331
2030866287 2550501264
3109466993 2222501242
3323177625 2359419490
2582248139 1993667798
2271209265 2383940451
2314375279 2361330498
3563087031 2326829870
1996303798 2573922444
1980511123 2276158907
2013998067 2149954883
2252785086 2027747129
3788762551 1989398182
3851870945 2505128780
1958590061 2496318114
3033511471 2353847055
3876138471 2185618019
2275981739 2360906191
4196672217 2682891538
2868291288 2610165378
2354804629 2560121612
2546779487 2618138405
2407710613 2086620839
3579962980 2151866060
3038727644 2406054973
2622034526 2059976211
3338517668 2698003507
3415629122 2110234620
2870233588 2600250983
2235052509 2091959949
2631992073 2578858624
1791236058 2085058506
1818372662 2464018052
3950366346 2066214557
3890096677 2777677578
2603960525 2109308079
3921156422 2048420352
3602748357 2412235248
2214565588 2157942739
1796394773 2582461334
3483821506 2052696149
2016299139 2415558971
2157514855 2609165379
2356281416 2346340445
2122951324 2248002972
2259410820 2689245819
4135180478 1950523756
2824418558 2489549513
2272435155 2289557209
4192478121 1970292744
2367377163 2394901522
3774248191 2201980164
2830696280 2783942958
1809535481 2457041048
3057368490 2415379565
1985651747 2620321650
1968526254 2007849575
2286108598 2510874881
3851669101 2049236871
3416529701 2237724868
3509146190 2369253885
3921161309 1998649199
1896008271 2779038963
4166357635 2275218617
3478423583 2001960323
2582834730 2409286395
3575879014 2085313559
3375718717 2538332105
2395267951 2414762931
3403385705 2599573854
2261636673 2532505545
3221696894 2216794117
3602343501 2595224178
3687460211 2582887744
3794372754 2287666458
2143399886 2719197710
2589606763 2101386913
4140184044 2148298798
2326147739 2192330455
2811901808 2653102883
3271460003 2276278943
3762607036 2074471246
3746578818 2527629305
3282816631 2757313998
2998429205 2312167505
2678930740 2202473851
4057374263 1978477868
3034921063 2773784318
2371207006 2522806397
3930879669 2674546585
2095369458 2181899016
3940194763 2612208303
2979532609 2405295526
2381274209 2531767673
2691211458 2739855722
2176958741 2320246366
2439494927 2341127618
3947924981 2574354907
3025777903 2207134274
1977102167 2614246637
1999388983 2749864212
3700218898 2707769796
3036948866 2149305128
3140809485 2046314460
2524693418 2096635951
4111586715 2563410566
3903246741 2051336304
2602334412 2702587982
1960114289 2253770464
3477913027 2446033956
2847513962 2624376661
3330357293 2491705262
2176921117 2087725120
2220779623 2126312138
2299377954 2508634959
4083100499 2570144723
2114400007 1948346381
2583954394 2184551970
2677581391 2174618889
2207297166 2175887308
4188385264 2592272359
2301529950 2299883784
2471456360 2327282224
2204369617 2249784581
2472754418 2266273404
3943384304 2141816066
1840534826 2691251099
3918908237 2257581002
2003568126 2167644251
2105107362 2464615045
1972345339 2169611442
3851302239 2481196241
3432492344 2410253292
2322144540 2717772638
3076327261 2240972447
2316832934 2088499908
2238408994 2083706852
3169234946 2374143052
2884889977 2643699427
4021032161 2717858143
2549426357 2225006810
3659994417 2010330785
4043625830 2116595411
2326364130 2724220708
4207394681 2220570805
1807137803 2691319143
2539063090 2407108072
2498014143 2732669664
3590213365 2243710477
3249368039 2274014019
2139544470 2303758208
2927955754 2515187415
2629047705 2784521737
1962254705 2002923027
2237826583 2124735840
2661057982 2529809584
2990450366 2129001025
2460426557 2456298582
2854978028 2358626409
3348231151 2234588095
2848511349 2134815292
3643978329 2372521364
4102289201 2710685716
3067357235 2532618426
3355784751 2361608286
2810640375 2037466407
2802346611 2721214572
2537749080 2569752769
2840583868 2117220452
3208186145 2611803792
4159949231 2419576707
2918095271 2039867153
2061338979 2196179208
4184764628 2506639219
2915840666 2341442826
3690999284 2313350757
2743039453 2180239837
3267737104 2630917289
2246337474 2498891013
3462624903 1946956044
2335330018 2117808776
2689814229 2070716809
3932362199 2755430333
2976330946 2543498632
2489175950 2167967656
1852444809 2555794852
4158338450 2678759111
2267108205 1959038621
2737229187 2128324974
3488404344 2052451475
1881154251 2491863344
3025137843 2777204935
2265547649 2454440962
2536015442 1950355664
2439095199 2501537985
4197428655 2736540139
3999706127 2737140785
2096701437 2720927069
1962404835 2159060358
3363742168 2767541835
3985996265 1947327137
2223748347 2091720480
2288634111 2180518323
2788099150 2767036578
2856654860 1960631091
2433818877 2212393689
2257538056 2398482789
3255792873 2288212812
2955531534 2575633685
3458571256 2021187044
3101666622 2031246515
1998727143 2005246880
3674882550 2017308492
2955714574 2505320067
2047765338 2636321978
3543072877 2280906443
3351686587 2781566828
2986598596 2166901609
1774471548 2301184443
4091902279 2463623297
2456959026 2033412274
2012446926 2434355427
4037426802 2653713583
3389477430 2022846845
2170154056 2414401212
2973321776 2505789073
2970321957 2050257395
3422729572 2335235869
3771789739 2058659285
3367843262 2056272386
1888711156 2056748599
3713465504 2004478526
4059027438 2205738903
3022364336 2134903958
1851767242 2383703960
2027267964 2203347937
3283037824 2221569682
3336800820 2667422738
2775066899 2621850818
3668593042 2064025917
3229442397 2643555934
3776878319 2624720492
3501244044 2683617488
1900139425 2463090543
2772995003 2019779880
3642658529 2605214181
2112083998 2537794950
3997675186 2082442465
2156017921 2256230745
3718592090 2467345600
1795969661 2261175033
2340538111 2351141136
3709694640 2227187532
3201801893 1984982687
2903982555 2009002876
2042622325 2270324211
3361214402 2486908301
2806316756 2715959536
2986285434 2493837129
3244530548 2403237108
2737537208 2511053567
3024734398 2213449285
1979632861 2327557213
1784460013 2290230438
1911174130 2380810092
2316392391 2447291163
2741389908 2001648438
2039951423 2011174833
2357391222 2757672068
4049607863 2435158520
2710705004 2355699954
3647091520 2561984127
3588974227 2754742461
2045933899 2430704777
2901421498 2595957073
3283388877 2775696054
2190827441 2195680977
2085888798 2159548184
2764322206 1943536842
2915496143 2735688895
1883236477 2722212052
1863496208 2261319806
3984662111 2094891373
2974512673 2111531975
2773761279 2242388937
3855469410 1974095062
3923342452 2131142873
3737223706 2273604910
1985165105 2478370106
3217986273 2005383347
3423560043 2552501940
2009343374 2705348856
3911972877 2569776689
2762705760 2359408766
3018037521 2520310634
4178948559 2535660580
3666423803 2075602538
3783471857 2025291172
4072847153 2595279270
2520367887 1995598648
2470975139 2003580141
3864144923 2443196075
3429511103 2182286850
3441649352 2015153141
2333342285 2343772081
2584272238 2415961018
4045348442 2284693931
3831550815 2660862605
3190365478 1960199421
1944424854 2028941674
2468120226 2466183551
3715675002 2712224370
1792324713 2410463918
2498733634 2028866092
3562152161 2503877785
1925264366 2532210615
4007297920 2456642002
3522907248 2522844216
3354212090 2361681335
3891144436 2351989244
3585253236 2739540960
3854890239 1991335139
2138628927 2346795568
2745754034 2402816037
3231149047 2623148075
3099268316 2295765538
2983426720 2536545959
2758388370 2473271310
1806337314 2128651242
3228999185 2466567457
1949196178 2587589374
3120212836 2098120012
2591105401 2534789256
4071191199 2477507469
1963945120 2636508530
1921833701 2638306711
1824296339 1944091918
2519545940 2549464753
3869271766 2482049408
3055176785 2645278461
4140057910 2690943411
1870998439 2426228013
3620577150 2223502860
3371325479 2239069361
2435358797 2119334644
3437168961 2579809355
3002301853 2674186157
2637749878 2122621124
3978600195 2516251616
4053197155 2453093015
3017830896 2693110579
1971999938 2493767205
1812857202 2531022007
2421570724 2570925783
3807442093 2377155686
3205119750 2603273057
3202281721 2763474069
2308371933 2710030853
1938016539 2511410106
3560012768 2586962546
3983369932 2124571383
3131683710 2641908739
2575317394 1961626544
3178202959 2626519680
1787450520 2707096929
1996593600 2247028640
3849262380 2328984882
3945843145 2634386866
2499524537 2135493932
3492623226 2125636343
3400162139 2541254477
2595781024 2050337917
2140480703 2441231200
3574942262 2595237027
4033399413 2612965562
3152537619 1974502012
2649904262 2285142069
4034571895 2107322684
3178306677 2652943142
2320577521 2754227938
1996523334 2125197020
3464530088 2390554664
3557440815 2589932622
2890904155 2035174490
3106670159 2239130321
3965069770 2096513752
3552901086 2764481807
1852355255 2170685284
3130715836 2064003130
2312816694 2569389412
2884778050 2121061413
2271106592 2278999811
1801221786 2478542611
2185076776 2045785114
2242497022 2551270700
2647580833 2079536729
3881770309 2167703302
2322512359 2639120051
4068406075 2264817590
3732643435 2780822241
2355481345 2623203273
1895321095 2732401358
2994475073 2570103809
3633875876 2606564432
2699578502 2732502128
3916946879 2046725879
3401992572 2409862106
3867174892 2004276038
2603619248 2178376238
2727029203 2095621254
3786723393 2398706175
3795594199 2572972821
3456534086 2352035572
2147389665 2338599276
2013240569 2519073344
3133165532 2253292057
2272734911 2117114486
2832510275 2604482972
2770587013 2711636152
3378723344 2112108070
3369179800 2341003683
2953022367 2452310914
4213323935 2606313503
3250341341 2769740587
3986425447 2724017312
3172511332 2472712089
2544781371 2085037676
2418648281 1950445171
2879396824 2586595140
3619838430 2031680769
2424145475 2531720949
2784811260 2718362617
4148721650 1961381125
3909785513 2641378519
2609808996 2059963853
3099704614 2211799101
3430179211 1953427764
3888890940 2015750010
3985948353 1963833858
2550550963 1946312113
2514030418 1971653421
3524570003 2442345720
3242034569 2292803103
2817197787 2443243784
4123481063 2674491595
2044518352 2476276708
3300926593 2270600597
3800462158 1989243679
3296135199 2077519334
1787492009 1994076214
1852307965 2354697094
1862956317 2206026033
3038839401 2250533867
2447028979 2759928313
3376596031 1975280024
3746327116 2370255995
4041839925 2467819892
3894853639 2126285529
3660279470 2290331959
1889886347 2399318616
3646304956 2134568481
2359085442 2011938393
2787485809 2573697379
2370920114 1946391794
1785285897 2240006307
2339637586 2766395293
3257213717 2291941335
3319175559 2770732232
4049893619 2068318089
3126344618 2361346589
2740934450 1956443358
3991879049 2770390437
4166837137 2778370261
4025994818 2210505432
3919860620 2266768374
2752437128 2709699250
2390515546 2269142684
1779683237 2530578994
2099333248 2167212770
3858059658 2488302451
4119732417 2750547060
3590526986 2311845120
3175952043 2731814121
3401522234 2360375743
4021043590 2473979618
3043531387 2775226451
2513551474 2516305456
3250071175 2002865139
3748298070 2110045981
3168633722 2020554463
2062917035 2250463221
2757567825 2600003933
3979284051 2511789456
3302214453 2513638594
3699793537 2310513754
2143219658 2593896194
3128426936 2414418184
3002003474 2114729426
3262901969 2187245041
3050443692 2506288456
4168940215 1945972704
2805087688 2692113185
3823399872 2197081502
4227174573 2501946372
2028721864 2530325196
3359205179 2632464933
2075609090 2565773302
1961589540 2503574837
2786283317 2013540363
3723338283 2605755698
2878580470 2363769036
2629037483 2722604367
4119786325 2394814234
2537337554 2080972408
2427392969 2339131136
3955082954 2135743927
3765290091 2577538078
2150930246 2424856201
2531830849 2173606262
2666140755 2283755353
3324398410 2549904152
4065304840 2117185674
2715496036 2222627760
2585796025 2111609163
2579560404 2465108861
3538699809 2571348812
3220936107 2465722440
2196118764 2509218983
4075891813 2639965169
2294129488 2491375733
2099335556 2380963792
2652541544 2098924916
3780048714 2114134436
3329129420 2410923461
2403085475 2658323224
2829020316 2320734807
3384802984 2632190141
3036715441 2096058030
2191732880 2329726058
1883413924 1955551324
3164603620 2694057122
3201595620 2000900906
3094902068 2333806172
1916872342 2341517160
2080576089 2682414675
2106518066 2410660683
2960751628 2408729221
3614817960 2423445045
4013888245 2289142997
4183304550 2771551927
2327961832 2322050329
3279817752 2650167500
3838812454 1965883728
3147350432 2195887381
3035077069 2684776298
3774187203 2246014778
4188774755 2504161383
2969361708 2470470627
2742837644 2132269040
2934005577 2226102417
4187620722 2751170267
1869705946 2321613416
4035625613 2038975223
2515270051 2354439960
1878765312 1955354911
3425680338 2027247141
3011614491 2136344848
1870775442 2000720575
2626832478 2578408796
2853885735 2214794713
2805722616 2500763758
2026475794 2327475279
3203208838 2609422381
3758700690 2314482062
3780658850 2375278147
2744365136 1974970396
3936240850 2363369080
2748487257 2068424634
4037642873 2275144094
2095555708 2011758808
2444242393 2339576319
3996144136 2655168245
3261811378 2213110738
3615893818 2300074503
2356231231 2030802837
3460237540 2032472172
3038542587 2170497178
4059898605 1980980238
2237301387 2622295283
3769632406 2332736943
1844265324 2318536134
2368996546 2106811013
2418113096 2286069806
4086019716 2310408873
2031975172 2545117911
4010907595 2531435494
1968776174 2160913336
3316788027 1982880206
2373830385 2097828548
1962532975 2718146273
2075267038 2570693141
2831487527 2751560107
3126737243 1964814064
2426482475 2077410689
4230809786 2190494239
3926983499 2188164703
2657259323 2726899254
2435698282 2492380166
4129401493 2429269944
3129419537 2021393957
3018356590 2061487164
3491294295 1993884874
2702532563 2727056860
3028249886 2336433907
3355237178 2505448432
3219636249 2087967357
2123912987 1976549983
2316185599 2257770718
3122837264 2024945976
3261463952 2665112627
2117517098 2736000250
3411574820 2491529962
3814426076 2721040511
3548552006 2063790984
2597597479 2131499685
3573422594 2351501576
3473924196 2255631352
2510435069 2394448923
3327582030 2712560359
3163860653 2397204902
3334928123 2072944173
3288788810 2100046130
3459461072 1960517529
3579865394 2750158100
3474981097 2640812309
2135077481 2678083273
2607593438 2043758455
3908782884 2424307075
2344211512 2017467746
2622028277 2766648953
3614088289 2476275217
2417025038 1967697904
4018040654 2779081521
